8498123121
8842774719
8331308185
1621023778
2627670709
7643864225
5004261831
1693950006
7122506246
6491257230
6112272682
2656323786
1725535562
5523547666
4926785217
7316362236
1474634209
7746593486
7753596495
9887041868
2394528367
2683620348
0286996818
0823261979
9900667436
7928847472
6603685612
4193557641
5265293434
6242978255
7661949274
9078616514
3802933526
5502891967
6409128972
7003362725
0949621627
6262194652
5605920301
4585026754
0235298688
7221674963
9641715710
9875178503
8092356370
5230953437
1183845383
1703339655
0132268151
5199027443
7999441317
3741572407
7301241283
7045689112
8993015604
3038003255
4996542136
5552599389
7032192587
6880223847
4772226513
1504083861
1489458616
2175544488
6895991577
1855933458
8786854341
7089268957
1575659777
6594207051
1228429349
5714307406
8964060336
6968813933
1601973435
5768481176
1021981398
5424901573
2719550396
5820829070
3878126279
9406665194
0654009959
4558478824
8073720582
8477818453
8517104566
4174726957
8156547619
7668620103
3191492943
3501692257
6316173162
0712177301
1774798432
9615613857
4947316849
9992716622
2219957107
3353529616
4487396735
5778879591
2376035221
8848169604
9780961132
6469087233
3427327367
4858472924
3869630580
7778866114
4773905131
4245560461
7637836314
2551605495
8242875022
8756467688
1262516905
0272459784
0408675175
2103091978
1034159901
2469263212
0702542017
5920391838
4055714614
3644997260
8206694286
3199835483
6304766463
1089376898
3717407129
7804667489
1891921615
7598567687
7718971277
3870299032
9421802179
0761222434
2673273605
5330033389
1575410929
2384432721
7056787647
0149335330
5480071498
6716933851
7540904603
5696453343
7054317427
7548660464
3459199197
0403774431
7039147903
3352098440
7292141359
4374859703
1959348673
4466609670
0996985474
2038510095
7849583964
2207712969
2808428400
8681472841
7770732310
3413211837
3277760043
2625692890
3619148597
4126232211
3550844989
8112052153
4375874521
9738307753
2333051112
4233157581
5821387555
4925827907
8969025949
5578007656
5774410843
5501529660
6458087696
8268581209
0437062693
7754092266
2703683211
5129744684
9410095455
0612168509
3653182859
9962772896
4208632958
6864070129
1496921297
8619142631
2213146793
3874270216
4369934255
4292007990
